Ours(MS-SSIM)     
RATE:[0.09911,0.15021,0.19339,0.33426,0.46733,0.56238,0.69265]
MS-SSIM:[27.74847,28.94308,30.05454,31.82625,32.72848,33.01301,33.30247]
PSNR:[0.95373,0.96619,0.97332,0.98281,0.98716,0.98859,0.98968]
Ours(MSE)    
RATE:[0.087,0.16978,0.2852,0.39833,0.52385,0.60382]
MS-SSIM:[28.86803,31.28808,33.0163,34.37232,35.16084,35.71064]
PSNR:[0.94303,0.96693,0.97687,0.98205,0.98492,0.986]